y
0100000000000000
0011110011011110
0011001111000110
0010010110011110
0001001111000110
0000000000000000
1110110000111001
1101101001100001
1100110000111001
1100001100100001
1100000000000000
1100001100100001
1100110000111001
1101101001100001
1110110000111001
1111111111111111
0001001111000110
0010010110011110
0011001111000110
0011110011011110
0100000000000000
0011110011011110
0011001111000110
0010010110011110
0001001111000110
1111111111111111
1110110000111001
1101101001100001
1100110000111001
1100001100100001
1100000000000000
1100001100100001
1100110000111001
1101101001100001
1110110000111001
0000000000000000
0001001111000110
0010010110011110
0011001111000110
0011110011011110
0100000000000000
0011110011011110
0011001111000110
0010010110011110
0001001111000110
0000000000000000
1110110000111001
1101101001100001
1100110000111001
1100001100100001
1100000000000000
1100001100100001
1100110000111001
1101101001100001
1110110000111001
0000000000000000
0001001111000110
0010010110011110
0011001111000110
0011110011011110
0100000000000000
0011110011011110
0011001111000110
0010010110011110
0001001111000110
1111111111111111
1110110000111001
1101101001100001
1100110000111001
1100001100100001
1100000000000000
1100001100100001
1100110000111001
1101101001100001
1110110000111001
0000000000000000
0001001111000110
0010010110011110
0011001111000110
0011110011011110
0100000000000000
0011110011011110
0011001111000110
0010010110011110
0001001111000110
1111111111111111
1110110000111001
1101101001100001
1100110000111001
1100001100100001
1100000000000000
1100001100100001
1100110000111001
1101101001100001
1110110000111001
0000000000000000
0001001111000110
0010010110011110
0011001111000110
0011110011011110
0100000000000000
0011110011011110
0011001111000110
0010010110011110
0001001111000110
1111111111111111
1110110000111001
1101101001100001
1100110000111001
1100001100100001
1100000000000000
1100001100100001
1100110000111001
1101101001100001
1110110000111001
0000000000000000
0001001111000110
0010010110011110
0011001111000110
0011110011011110
0100000000000000
0011110011011110
0011001111000110
0010010110011110
0001001111000110
1111111111111111
1110110000111001
1101101001100001
1100110000111001
1100001100100001
1100000000000000
1100001100100001
1100110000111001
1101101001100001
1110110000111001
0000000000000000
0001001111000110
0010010110011110
0011001111000110
0011110011011110
0100000000000000
0011110011011110
0011001111000110
0010010110011110
0001001111000110
1111111111111111
1110110000111001
1101101001100001
1100110000111001
1100001100100001
1100000000000000
1100001100100001
1100110000111001
1101101001100001
1110110000111001
0000000000000000
0001001111000110
0010010110011110
0011001111000110
0011110011011110
0100000000000000
0011110011011110
0011001111000110
0010010110011110
0001001111000110
0000000000000000
1110110000111001
1101101001100001
1100110000111001
1100001100100001
1100000000000000
1100001100100001
1100110000111001
1101101001100001
1110110000111001
0000000000000000
0001001111000110
0010010110011110
0011001111000110
0011110011011110
0100000000000000
0011110011011110
0011001111000110
0010010110011110
0001001111000110
0000000000000000
1110110000111001
1101101001100001
1100110000111001
1100001100100001
1100000000000000
1100001100100001
1100110000111001
1101101001100001
1110110000111001
0000000000000000
0001001111000110
0010010110011110
0011001111000110
0011110011011110
0100000000000000
0011110011011110
0011001111000110
0010010110011110
0001001111000110
1111111111111111
1110110000111001
1101101001100001
1100110000111001
1100001100100001
1100000000000000
1100001100100001
1100110000111001
1101101001100001
1110110000111001
0000000000000000
0001001111000110
0010010110011110
0011001111000110
0011110011011110
0100000000000000
0011110011011110
0011001111000110
0010010110011110
0001001111000110
0000000000000000
1110110000111001
1101101001100001
1100110000111001
1100001100100001
1100000000000000
1100001100100001
1100110000111001
1101101001100001
1110110000111001
0000000000000000
0001001111000110
0010010110011110
0011001111000110
0011110011011110
0100000000000000
0011110011011110
0011001111000110
0010010110011110
0001001111000110
1111111111111111
1110110000111001
1101101001100001
1100110000111001
1100001100100001
1100000000000000
1100001100100001
1100110000111001
1101101001100001
1110110000111001
1111111111111111
0001001111000110
0010010110011110
0011001111000110
0011110011011110
0100000000000000
0011110011011110
0011001111000110
0010010110011110
0001001111000110
0000000000000000
1110110000111001
1101101001100001
1100110000111001
1100001100100001
1100000000000000
1100001100100001
1100110000111001
1101101001100001
1110110000111001
0000000000000000
0001001111000110
0010010110011110
0011001111000110
0011110011011110
0100000000000000
0011110011011110
0011001111000110
0010010110011110
0001001111000110
1111111111111111
1110110000111001
1101101001100001
1100110000111001
1100001100100001
1100000000000000
1100001100100001
1100110000111001
1101101001100001
1110110000111001
0000000000000000
0001001111000110
0010010110011110
0011001111000110
0011110011011110
0100000000000000
0011110011011110
0011001111000110
0010010110011110
0001001111000110
1111111111111111
1110110000111001
1101101001100001
1100110000111001
1100001100100001
1100000000000000
1100001100100001
1100110000111001
1101101001100001
1110110000111001
0000000000000000
0001001111000110
0010010110011110
0011001111000110
0011110011011110
0100000000000000
0011110011011110
0011001111000110
0010010110011110
0001001111000110
1111111111111111
1110110000111001
1101101001100001
1100110000111001
1100001100100001
1100000000000000
1100001100100001
1100110000111001
1101101001100001
1110110000111001
0000000000000000
0001001111000110
0010010110011110
0011001111000110
0011110011011110
0100000000000000
0011110011011110
0011001111000110
0010010110011110
0001001111000110
1111111111111111
1110110000111001
1101101001100001
1100110000111001
1100001100100001
1100000000000000
1100001100100001
1100110000111001
1101101001100001
1110110000111001
0000000000000000
0001001111000110
0010010110011110
0011001111000110
0011110011011110
0100000000000000
0011110011011110
0011001111000110
0010010110011110
0001001111000110
1111111111111111
1110110000111001
1101101001100001
1100110000111001
1100001100100001
1100000000000000
1100001100100001
1100110000111001
1101101001100001
1110110000111001
1111111111111111
0001001111000110
0010010110011110
0011001111000110
0011110011011110
0100000000000000
0011110011011110
0011001111000110
0010010110011110
0001001111000110
0000000000000000
1110110000111001
1101101001100001
1100110000111001
1100001100100001
1100000000000000
1100001100100001
1100110000111001
1101101001100001
1110110000111001
0000000000000000
0001001111000110
0010010110011110
0011001111000110
0011110011011110
0100000000000000
